% MODELO 1 - EXEMPLO DICLELI PONTE 1 - SOLO ELÁSTICO LINEAR
% Coordenadas dos nós
% Nó	Incremento	Coord. X	Coord. Y	Coord. Z
1	0		0.00000		0		0.00000
2	0		0.00000		0		0.50000
3	0		0.00000		0		1.00000
4	0		0.00000		0		1.50000
5	0		0.00000		0		2.00000
6	0		0.00000		0		2.50000
7	0		0.00000		0		3.00000
8	0		0.00000		0		3.50000
9	0		0.00000		0		4.00000
10	0		0.00000		0		4.50000
11	0		0.00000		0		5.00000
12	0		0.00000		0		5.50000
13	0		0.00000		0		6.00000
14	0		0.00000		0		6.50000
15	0		0.00000		0		7.00000
16	0		0.00000		0		7.50000
17	0		0.00000		0		8.00000
18	0		0.00000		0		8.50000
19	0		0.00000		0		9.00000
20	0		0.00000		0		9.50000
21	0		0.00000		0		10.00000
22	0		0.00000		0		10.50000
23	0		0.00000		0		11.00000
24	0		0.00000		0		11.50000
25	0		0.00000		0		12.00000
26	0		0.00000		0		12.49375
27	0		0.00000		0		12.98750
28	0		0.00000		0		13.48125
29	0		0.00000		0		13.97500
30	0		0.00000		0		14.46875
31	0		0.00000		0		14.96250
32	0		0.00000		0		15.45625
33	0		0.00000		0		15.95000
34	0		0.50000		0		15.95000
35	0		1.00000		0		15.95000
36	0		1.50000		0		15.95000
37	0		2.25000		0		15.95000
38	0		3.00000		0		15.95000
39	0		3.75000		0		15.95000
40	0		4.50000		0		15.95000
41	0		6.00000		0		15.95000
42	0		7.50000		0		15.95000
43	0		9.00000		0		15.95000
44	0		10.50000	0		15.95000
45	0		12.00000	0		15.95000
46	0		14.00000	0		15.95000
47	0		16.00000	0		15.95000
48	0		18.00000	0		15.95000
49	0		20.00000	0		15.95000
50	0		22.00000	0		15.95000
51	0		24.00000	0		15.95000
52	0		26.00000	0		15.95000
53	0		28.00000	0		15.95000
54	0		29.50000	0		15.95000
55	0		31.00000	0		15.95000
56	0		32.50000	0		15.95000
57	0		34.00000	0		15.95000
58	0		35.50000	0		15.95000
59	0		36.25000	0		15.95000
60	0		37.00000	0		15.95000
61	0		37.75000	0		15.95000
62	0		38.50000	0		15.95000
63	0		39.00000	0		15.95000
64	0		39.50000	0		15.95000
65	0		40.00000	0		15.95000
66	0		40.00000	0		0.00000
67	0		40.00000	0		0.50000
68	0		40.00000	0		1.00000
69	0		40.00000	0		1.50000
70	0		40.00000	0		2.00000
71	0		40.00000	0		2.50000
72	0		40.00000	0		3.00000
73	0		40.00000	0		3.50000
74	0		40.00000	0		4.00000
75	0		40.00000	0		4.50000
76	0		40.00000	0		5.00000
77	0		40.00000	0		5.50000
78	0		40.00000	0		6.00000
79	0		40.00000	0		6.50000
80	0		40.00000	0		7.00000
81	0		40.00000	0		7.50000
82	0		40.00000	0		8.00000
83	0		40.00000	0		8.50000
84	0		40.00000	0		9.00000
85	0		40.00000	0		9.50000
86	0		40.00000	0		10.00000
87	0		40.00000	0		10.50000
88	0		40.00000	0		11.00000
89	0		40.00000	0		11.50000
90	0		40.00000	0		12.00000
91	0		40.00000	0		12.49375
92	0		40.00000	0		12.98750
93	0		40.00000	0		13.48125
94	0		40.00000	0		13.97500
95	0		40.00000	0		14.46875
96	0		40.00000	0		14.96250
97	0		40.00000	0		15.45625
% Conectividade dos elementos
% Elemento	Incremento	Material	Nó inicial	Nó final    Elem. Estrutural
1	1	2	1	2	1
2	1	2	2	3	1
3	1	2	3	4	1
4	1	2	4	5	1
5	1	2	5	6	1
6	1	2	6	7	1
7	1	2	7	8	1
8	1	2	8	9	1
9	1	2	9	10	1
10	1	2	10	11	1
11	1	2	11	12	1
12	1	2	12	13	1
13	1	2	13	14	1
14	1	2	14	15	1
15	1	2	15	16	1
16	1	2	16	17	1
17	1	2	17	18	1
18	1	2	18	19	1
19	1	2	19	20	1
20	1	2	20	21	1
21	1	2	21	22	1
22	1	2	22	23	1
23	1	2	23	24	1
24	1	2	24	25	1
25	1	1	25	26	2
26	1	1	26	27	2
27	1	1	27	28	2
28	1	1	28	29	2
29	1	1	29	30	2
30	1	1	30	31	2
31	1	1	31	32	2
32	1	1	32	33	2
33	1	1	33	34	3
34	1	1	34	35	3
35	1	1	35	36	3
36	1	1	36	37	3
37	1	1	37	38	3
38	1	1	38	39	3
39	1	1	39	40	3
40	1	1	40	41	3
41	1	1	41	42	3
42	1	1	42	43	3
43	1	1	43	44	3
44	1	1	44	45	3
45	1	1	45	46	3
46	1	1	46	47	3
47	1	1	47	48	3
48	1	1	48	49	3
49	1	1	49	50	3
50	1	1	50	51	3
51	1	1	51	52	3
52	1	1	52	53	3
53	1	1	53	54	3
54	1	1	54	55	3
55	1	1	55	56	3
56	1	1	56	57	3
57	1	1	57	58	3
58	1	1	58	59	3
59	1	1	59	60	3
60	1	1	60	61	3
61	1	1	61	62	3
62	1	1	62	63	3
63	1	1	63	64	3
64	1	1	64	65	3
65	1	1	66	67	4
66	1	2	67	68	4
67	1	2	68	69	4
68	1	2	69	70	4
69	1	2	70	71	4
70	1	2	71	72	4
71	1	2	72	73	4
72	1	2	73	74	4
73	1	2	74	75	4
74	1	2	75	76	4
75	1	2	76	77	4
76	1	2	77	78	4
77	1	2	78	79	4
78	1	2	79	80	4
79	1	2	80	81	4
80	1	2	81	82	4
81	1	2	82	83	4
82	1	2	83	84	4
83	1	2	84	85	4
84	1	2	85	86	4
85	1	2	86	87	4
86	1	2	87	88	4
87	1	2	88	89	4
88	1	2	89	90	4
89	1	2	90	91	5
90	1	2	91	92	5
91	1	2	92	93	5
92	1	2	93	94	5
93	1	2	94	95	5
94	1	2	95	96	5
95	1	2	96	97	5
96	1	2	97	65	5
% Nó	Incremento	Desl. X		Desl. Y		Desl. Z		Rot. X		Rot. Y		Rot. Z	
1       0           	1   		1   		1   		0   		0  		0
66      0           	1   		1   		1   		0   		0  		0
% Constante de mola nos nós
% Nó    	Trans.Y     Tipo Dist.  Par.Estatístico 1   Par.Estatístico 2
1            17.191     1           0                   0
2            17.191     1           0                   0
3            17.191     1           0                   0
4            17.191     1           0                   0
5            17.191     1           0                   0
6            17.191     1           0                   0
7            17.191     1           0                   0
8            17.191     1           0                   0
9            17.191     1           0                   0
10           17.191     1           0                   0
11           17.191     1           0                   0
12           17.191     1           0                   0
13           17.191     1           0                   0
14           17.191     1           0                   0
15           17.191     1           0                   0
16           17.191     1           0                   0
17           17.191     1           0                   0
18           17.191     1           0                   0
19           16.037     1           0                   0
20           14.883     1           0                   0
21           13.730     1           0                   0
22           12.576     1           0                   0
23           11.422     1           0                   0
24           10.268     1           0                   0
25           35.425     1           0                   0
26           60.582     1           0                   0
27           51.927     1           0                   0
28           43.273     1           0                   0
29           34.618     1           0                   0
30           25.964     1           0                   0
31           17.309     1           0                   0
32            8.655     1           0                   0
33            4.327     1           0                   0
66          17.191      1           0                   0
67          17.191      1           0                   0
68          17.191      1           0                   0
69          17.191      1           0                   0
70          17.191      1           0                   0
71          17.191      1           0                   0
72          17.191      1           0                   0
73          17.191      1           0                   0
74          17.191      1           0                   0
75          17.191      1           0                   0
76          17.191      1           0                   0
77          17.191      1           0                   0
78          17.191      1           0                   0
79          17.191      1           0                   0
80          17.191      1           0                   0
81          17.191      1           0                   0
82          17.191      1           0                   0
83          17.191      1           0                   0
84          16.037      1           0                   0
85          14.883      1           0                   0
86          13.730      1           0                   0
87          12.576      1           0                   0
88          11.422      1           0                   0
89          10.268      1           0                   0
90          35.425      1           0                   0
91          60.582      1           0                   0
92          51.927      1           0                   0
93          43.273      1           0                   0
94          34.618      1           0                   0
95          25.964      1           0                   0
96          17.309      1           0                   0
97           8.655      1           0                   0
65           4.327      1           0                   0
% Cargas aplicadas à cada grau de liberdade
% Dir	Carga	Tipo Dist	Par. Estatístico 1	Par. Estatístico 2
97      2500    1	        0.0     		0.0
193     -2500   1		    0.0             0.0
% Cargas distribuídas
% Elemento	qx	qy      TipoDist	Par. Estatístico 1	Par. Estatístico 2
1         	0  	 00     1           0.00                 0		
% Cargas concentradas nas barras
% Elementos	fx  Dist. x nó inicial	fy	Dist. y nó inicial	TipoDist	Par. Estatístico 1	Par. Estatístico 2
1   		0   0                    0	 0                  1           0.0                 0.0
% Variação uniforme de temperatura nos elementos
% Elementos	Tmax    Tmin  	TipoDist	Par. Estatístico 1	Par. Estatístico 2
33	20	-20	1	0	0
34	20	-20	1	0	0
35	20	-20	1	0	0
36	20	-20	1	0	0
37	20	-20	1	0	0
38	20	-20	1	0	0
39	20	-20	1	0	0
40	20	-20	1	0	0
41	20	-20	1	0	0
42	20	-20	1	0	0
43	20	-20	1	0	0
44	20	-20	1	0	0
45	20	-20	1	0	0
46	20	-20	1	0	0
47	20	-20	1	0	0
48	20	-20	1	0	0
49	20	-20	1	0	0
50	20	-20	1	0	0
51	20	-20	1	0	0
52	20	-20	1	0	0
53	20	-20	1	0	0
54	20	-20	1	0	0
55	20	-20	1	0	0
56	20	-20	1	0	0
57	20	-20	1	0	0
58	20	-20	1	0	0
59	20	-20	1	0	0
60	20	-20	1	0	0
61	20	-20	1	0	0
62	20	-20	1	0	0
63	20	-20	1	0	0
64	20	-20	1	0	0

% Seção transversal e propriedades físicas/geométricas dos elementos de concreto armado
%Elemento  	Área        Inércia  	Perímetro   DesvPdArea  	DesvPadInercia  DesvPadPerimetro   
25	1.2     0.025		5.80	0	0	0
26	1.2     0.025		5.80	0	0	0
27	1.2     0.025		5.80	0	0	0
28	1.2     0.025		5.80	0	0	0
29	1.2     0.025		5.80	0	0	0
30	1.2     0.025		5.80	0	0	0
31	1.2     0.025		5.80	0	0	0
32	1.2     0.025		5.80	0	0	0
33	1.243	0.624		9.37	0.062	0	0
34	1.243	0.624		9.37	0.062	0	0
35	1.243	0.624		9.37	0.062	0	0
36	1.243	0.624		9.37	0.062	0	0
37	1.243	0.624		9.37	0.062	0	0
38	1.243	0.624		9.37	0.062	0	0
39	1.243	0.624		9.37	0.062	0	0
40	1.243	0.624		9.37	0.062	0	0
41	1.243	0.624		9.37	0.062	0	0
42	1.243	0.624		9.37	0.062	0	0
43	1.243	0.624		9.37	0.062	0	0
44	1.243	0.624		9.37	0.062	0	0
45	1.243	0.624		9.37	0.062	0	0
46	1.243	0.624		9.37	0.062	0	0
47	1.243	0.624		9.37	0.062	0	0
48	1.243	0.624		9.37	0.062	0	0
49	1.243	0.624		9.37	0.062	0	0
50	1.243	0.624		9.37	0.062	0	0
51	1.243	0.624		9.37	0.062	0	0
52	1.243	0.624		9.37	0.062	0	0
53	1.243	0.624		9.37	0.062	0	0
54	1.243	0.624		9.37	0.062	0	0
55	1.243	0.624		9.37	0.062	0	0
56	1.243	0.624		9.37	0.062	0	0
57	1.243	0.624		9.37	0.062	0	0
58	1.243	0.624		9.37	0.062	0	0
59	1.243	0.624		9.37	0.062	0	0
60	1.243	0.624		9.37	0.062	0	0
61	1.243	0.624		9.37	0.062	0	0
62	1.243	0.624		9.37	0.062	0	0
63	1.243	0.624		9.37	0.062	0	0
64	1.243	0.624		9.37	0.062	0	0
89	1.2     0.025		5.80	0	0	0
90	1.2     0.025		5.80	0	0	0
91	1.2     0.025		5.80	0	0	0
92	1.2     0.025		5.80	0	0	0
93	1.2     0.025		5.80	0	0	0
94	1.2     0.025		5.80	0	0	0
95	1.2     0.025		5.80	0	0	0
96	1.2     0.025		5.80	0	0	0

% Elementos constituídos por perfis metálicos
% Elemento  	Área         	Inércia     	DesvPadDiam     DesvPadEsp
1		0.0157  	0.0000882       0               0
2	0.0157  	0.0000882       0               0
3	0.0157  	0.0000882       0               0
4	0.0157  	0.0000882       0               0
5	0.0157  	0.0000882       0               0
6	0.0157  	0.0000882       0               0
7	0.0157  	0.0000882       0               0
8	0.0157  	0.0000882       0               0
9	0.0157  	0.0000882       0               0
10	0.0157  	0.0000882       0               0
11	0.0157  	0.0000882       0               0
12	0.0157  	0.0000882       0               0
13	0.0157  	0.0000882       0               0
14	0.0157  	0.0000882       0               0
15	0.0157  	0.0000882       0               0
16	0.0157  	0.0000882       0               0
17	0.0157  	0.0000882       0               0
18	0.0157  	0.0000882       0               0
19	0.0157  	0.0000882       0               0
20	0.0157  	0.0000882       0               0
21	0.0157  	0.0000882       0               0
22	0.0157  	0.0000882       0               0
23	0.0157  	0.0000882       0               0
24	0.0157  	0.0000882       0               0
65	0.0157  	0.0000882       0               0
66	0.0157  	0.0000882       0               0
67	0.0157  	0.0000882       0               0
68	0.0157  	0.0000882       0               0
69	0.0157  	0.0000882       0               0
70	0.0157  	0.0000882       0               0
71	0.0157  	0.0000882       0               0
72	0.0157  	0.0000882       0               0
73	0.0157  	0.0000882       0               0
74	0.0157  	0.0000882       0               0
75	0.0157  	0.0000882       0               0
76	0.0157  	0.0000882       0               0
77	0.0157  	0.0000882       0               0
78	0.0157  	0.0000882       0               0
79	0.0157  	0.0000882       0               0
80	0.0157  	0.0000882       0               0
81	0.0157  	0.0000882       0               0
82	0.0157  	0.0000882       0               0
83	0.0157  	0.0000882       0               0
84	0.0157  	0.0000882       0               0
85	0.0157  	0.0000882       0               0
86	0.0157  	0.0000882       0               0
87	0.0157  	0.0000882       0               0
88	0.0157  	0.0000882       0               0