% MODELO 1 - HAAVISTONJOKI BRIDGE
% Coordenadas dos nós
% Nó	Incremento	Coord. X	Coord. Y	Coord. Z
1       0           	0.00     	0.0     	18.0
2       0           	0.75    	0.0     	18.0
3       0           	2.75       	0.0         18.0
4       0           	4.75     	0.0        	18.0
5       0           	6.75     	0.0     	18.0
6       0           	8.75     	0.0     	18.0
7       0           	10.25      	0.0         18.0
8       0           	12.25     	0.0        	18.0
9       0           	14.25     	0.0     	18.0
10      0           	16.25     	0.0     	18.0
11      0           	18.25      	0.0         18.0
12      0           	20.25     	0.0        	18.0
13      0           	22.25     	0.0     	18.0
14      0           	24.25     	0.0     	18.0
15      0           	25.00     	0.0         18.0
16      0           	9.50     	0.0        	0.00
17      0           	9.50     	0.0     	0.75
18      0           	9.50     	0.0     	2.25
19      0           	9.50     	0.0         3.75
20      0           	9.50     	0.0        	5.25
21      0           	9.50    	0.0        	6.00
22      0           	9.50     	0.0     	8.00
23      0           	9.50    	0.0     	10.0
24      0           	9.50     	0.0         12.0
25      0           	9.50     	0.0        	14.0
26      0           	9.50    	0.0     	16.0
27      0           	9.50    	0.0     	18.0
28      0           	25.0      	0.0         1.00
29      0           	25.0    	0.0        	1.75
30      0           	25.0    	0.0     	3.25
31      0           	25.0    	0.0     	4.75
32      0           	25.0      	0.0         6.25
33      0           	25.0    	0.0        	7.75
34      0           	25.0    	0.0     	9.25
35      0           	25.0    	0.0     	10.75
36      0           	25.0      	0.0         12.25
37      0           	25.0    	0.0        	13.75
38      0           	25.0    	0.0     	15.25
39      0           	25.0    	0.0     	16.00
40      0           	25.0      	0.0         16.50
41      0               25.0        0.0         17.50
% Conectividade dos elementos
% Elemento	Incremento	Material	Nó inicial	Nó final    Elem. Estrutural
1          	0          	1           	1          	2       1
2          	0           1           	2         	3       1
3          	0           1           	3           4       1
4          	0          	1           	4          	5       1
5          	0           1           	5         	6       1
6          	0           1           	6           27      1
7          	0          	1           	27         	7       1
8          	0           1           	7         	8       1
9          	0           1           	8           9       1
10         	0          	1           	9         	10      1
11         	0           1           	10        	11      1
12         	0           1           	11          12      1
13         	0          	1           	12         	13      1
14         	0           1           	13        	14      1
15         	0           1           	14          15      1
16         	0          	2           	16         	17      2
17         	0           2           	17        	18      2
18         	0           2           	18          19      2
19         	0          	2           	19         	20      2
20         	0           2           	20        	21      2
21         	0           2           	21          22      3
22         	0          	1           	22         	23      3
23         	0           1           	23        	24      3
24         	0           1           	24          25      3
25         	0          	1           	25         	26      3
26         	0           1           	26        	27      3
27         	0           1           	28          29      4
28         	0          	2           	29         	30      4
29         	0           2           	30        	31      4
30         	0           2           	31          32      4
31         	0          	2           	32         	33      4
32         	0           2           	33        	34      4
33         	0           2           	34          35      4
34         	0          	2           	35         	36      4
35         	0           2           	36        	37      4
36         	0           2           	37          38      4
37         	0          	2           	38         	39      4
38         	0           1           	39        	40      5
39         	0           1           	40          41      5
40          0           1               41          15      5
% Condições de contorno dos nós
% Nó	Incremento	Desl. X		Desl. Y		Desl. Z		Rot. X		Rot. Y		Rot. Z	
1       0           1   		0   		0   		1   		1   		1
16      0           1   		1   		1   		0   		0  		    0
28      0           1   		1   		1   		0   		0   		0
% Constante de mola nos nós
% Nó    	Trans.Y     Tipo Dist.      Par.Estatístico 1   Par.Estatístico 2
17         	35437.5     1           	0               	0
18         	25312.5     1           	0               	0
19         	15187.5    	1           	0               	0
20         	5062.5     	1           	0               	0
29         	81562.5   	1           	0               	0
30         	81562.5   	1           	0               	0
31         	81562.5   	1           	0               	0
32         	81562.5 	1           	0               	0
33         	81562.5 	1           	0               	0
34         	81562.5 	1           	0               	0
35         	81562.5  	1           	0               	0
36         	64687.5  	1           	0               	0
37         	47812.5  	1           	0               	0
38         	30937.5  	1           	0               	0
40         	426700  	1           	0               	0
41          182850      1               0               	0
% Cargas aplicadas à cada grau de liberdade
% Dir	Carga	Tipo Dist	Par. Estatístico 1	Par. Estatístico 2
41      -500      1           0.0     			0.0
% Cargas distribuídas
% Elemento	qx	qy      TipoDist	Par. Estatístico 1	Par. Estatístico 2
1         	0  	 00     1           0.00                 0		
% Cargas concentradas nas barras
% Elementos	fx  Dist. x nó inicial	fy	Dist. y nó inicial	TipoDist	Par. Estatístico 1	Par. Estatístico 2
1   		0   0                    0	 0                  1           0.0                 0.0
% Variação uniforme de temperatura nos elementos
% Elementos	Tmax    Tmin  	TipoDist	Par. Estatístico 1	Par. Estatístico 2
1   		31.0    0.000   1           0.0                 0.0
2   		31.0    0.000   1           0.0                 0.0
3   		31.0    0.000   1           0.0                 0.0
4   		31.0    0.000   1           0.0                 0.0
5   		31.0    0.000   1           0.0                 0.0
6   		31.0    0.000   1           0.0                 0.0
7   		31.0    0.000   1           0.0                 0.0
8   		31.0    0.000   1           0.0                 0.0
9   		31.0    0.000   1           0.0                 0.0
10   		31.0    0.000   1           0.0                 0.0
11   		31.0    0.000   1           0.0                 0.0
12   		31.0    0.000   1           0.0                 0.0
13   		31.0    0.000   1           0.0                 0.0
14   		31.0    0.000   1           0.0                 0.0
15   		31.0    0.000   1           0.0                 0.0
% Seção transversal e propriedades físicas/geométricas dos elementos
% Elemento  Área   Inércia  Perímetro   DesvPdArea  DesvPadInercia  DesvPadPerimetro   
1          	7.365  0.472    24.5093     0           0.06            0
2          	7.365  0.472    24.5093     0           0.06            0
3          	7.365  0.472    24.5093     0           0.06            0
4          	7.365  0.472    24.5093     0           0.06            0
5          	7.365  0.472    24.5093     0           0.06            0
6          	7.365  0.472    24.5093     0           0.06            0
7          	7.365  0.472    24.5093     0           0.06            0
8          	7.365  0.472    24.5093     0           0.06            0
9          	7.365  0.472    24.5093     0           0.06            0
10         	7.365  0.472    24.5093     0           0.06            0
11         	7.365  0.472    24.5093     0           0.06            0
12         	7.365  0.472    24.5093     0           0.06            0
13         	7.365  0.472    24.5093     0           0.06            0
14         	7.365  0.472    24.5093     0           0.06            0
15         	7.365  0.472    24.5093     0           0.06            0
21         	1.5708 0.0982   0.0         0           0               0
22         	1.5708 0.0982   0.0         0           0               0
23          1.5708 0.0982   0.0         0           0               0
24         	1.5708 0.0982   0.0         0           0               0
25         	1.5708 0.0982   0.0         0           0               0
26         	1.5708 0.0982   0.0         0           0               0
38          1.5708 0.0982   0.0         0           0               0
39          13.800 1.6560   0.0         0           0               0
40          13.800 1.6560   0.0         0           0               0
% Elementos constituídos por perfis metálicos
% Elemento  Área         Inércia     DesvPadDiam     DesvPadEsp
16          0.17986      0.010070   0.0            0.0
17          0.17986      0.010070   0.0            0.0
18          0.17986      0.010070   0.0            0.0
19          0.17986      0.010070   0.0            0.0
20          0.17986      0.010070   0.0            0.0
27          0.17986      0.010070   0.0            0.0
28          0.17986      0.010070   0.0            0.0
29          0.17986      0.010070   0.0            0.0
30          0.17986      0.010070   0.0            0.0 
31          0.17986      0.010070   0.0            0.0
32          0.17986      0.010070   0.0            0.0
33          0.17986      0.010070   0.0            0.0
34          0.17986      0.010070   0.0            0.0
35          0.17986      0.010070   0.0            0.0
36          0.17986      0.010070   0.0            0.0
37          0.17986      0.010070   0.0            0.0