% MODELO 1 - EXEMPLO DICLELI - SOLO ELÁSTICO LINEAR
% Coordenadas dos nós
% Nó	Incremento	Coord. X	Coord. Y	Coord. Z
1	0	0.00000		0	0.00000
2	0	0.00000		0	0.50000
3	0	0.00000		0	1.00000
4	0	0.00000		0	1.50000
5	0	0.00000		0	2.00000
6	0	0.00000		0	2.50000
7	0	0.00000		0	3.00000
8	0	0.00000		0	3.50000
9	0	0.00000		0	4.00000
10	0	0.00000		0	4.50000
11	0	0.00000		0	5.00000
12	0	0.00000		0	5.50000
13	0	0.00000		0	6.00000
14	0	0.00000		0	6.50000
15	0	0.00000		0	7.00000
16	0	0.00000		0	7.50000
17	0	0.00000		0	8.00000
18	0	0.00000		0	8.50000
19	0	0.00000		0	9.00000
20	0	0.00000		0	9.50000
21	0	0.00000		0	10.00000
22	0	0.00000		0	10.50000
23	0	0.00000		0	11.00000
24	0	0.00000		0	11.50000
25	0	0.00000		0	12.00000
26	0	0.00000		0	12.49000
27	0	0.00000		0	12.98000
28	0	0.00000		0	13.47000
29	0	0.00000		0	13.96000
30	0	0.00000		0	14.45000
31	0	0.00000		0	14.94000
32	0	0.00000		0	15.43000
33	0	0.00000		0	15.92000
34	0	0.00000		0	16.40000
35	0	0.50000		0	16.40000
36	0	1.00000		0	16.40000
37	0	1.75000		0	16.40000
38	0	3.00000		0	16.40000
39	0	4.50000		0	16.40000
40	0	6.00000		0	16.40000
41	0	7.50000		0	16.40000
42	0	9.00000		0	16.40000
43	0	10.50000	0	16.40000
44	0	12.00000	0	16.40000
45	0	13.25000	0	16.40000
46	0	14.00000	0	16.40000
47	0	14.50000	0	16.40000
48	0	15.00000	0	16.40000
49	0	15.00000	0	0.00000
50	0	15.00000	0	0.50000
51	0	15.00000	0	1.00000
52	0	15.00000	0	1.50000
53	0	15.00000	0	2.00000
54	0	15.00000	0	2.50000
55	0	15.00000	0	3.00000
56	0	15.00000	0	3.50000
57	0	15.00000	0	4.00000
58	0	15.00000	0	4.50000
59	0	15.00000	0	5.00000
60	0	15.00000	0	5.50000
61	0	15.00000	0	6.00000
62	0	15.00000	0	6.50000
63	0	15.00000	0	7.00000
64	0	15.00000	0	7.50000
65	0	15.00000	0	8.00000
66	0	15.00000	0	8.50000
67	0	15.00000	0	9.00000
68	0	15.00000	0	9.50000
69	0	15.00000	0	10.00000
70	0	15.00000	0	10.50000
71	0	15.00000	0	11.00000
72	0	15.00000	0	11.50000
73	0	15.00000	0	12.00000
74	0	15.00000	0	12.49000
75	0	15.00000	0	12.98000
76	0	15.00000	0	13.47000
77	0	15.00000	0	13.96000
78	0	15.00000	0	14.45000
79	0	15.00000	0	14.94000
80	0	15.00000	0	15.43000
81	0	15.00000	0	15.92000
% Conectividade dos elementos
% Elemento	Incremento	Material	Nó inicial	Nó final    Elem. Estrutural
1	1	2	1	2	1
2	1	2	2	3	1
3	1	2	3	4	1
4	1	2	4	5	1
5	1	2	5	6	1
6	1	2	6	7	1
7	1	2	7	8	1
8	1	2	8	9	1
9	1	2	9	10	1
10	1	2	10	11	1
11	1	2	11	12	1
12	1	2	12	13	1
13	1	2	13	14	1
14	1	2	14	15	1
15	1	2	15	16	1
16	1	2	16	17	1
17	1	2	17	18	1
18	1	2	18	19	1
19	1	2	19	20	1
20	1	2	20	21	1
21	1	2	21	22	1
22	1	2	22	23	1
23	1	2	23	24	1
24	1	2	24	25	1
25	1	1	25	26	2
26	1	1	26	27	2
27	1	1	27	28	2
28	1	1	28	29	2
29	1	1	29	30	2
30	1	1	30	31	2
31	1	1	31	32	2
32	1	1	32	33	2
33	1	1	33	34	2
34	1	1	34	35	3
35	1	1	35	36	3
36	1	1	36	37	3
37	1	1	37	38	3
38	1	1	38	39	3
39	1	1	39	40	3
40	1	1	40	41	3
41	1	1	41	42	3
42	1	1	42	43	3
43	1	1	43	44	3
44	1	1	44	45	3
45	1	1	45	46	3
46	1	1	46	47	3
47	1	1	47	48	3
48	1	2	49	50	4
49	1	2	50	51	4
50	1	2	51	52	4
51	1	2	52	53	4
52	1	2	53	54	4
53	1	2	54	55	4
54	1	2	55	56	4
55	1	2	56	57	4
56	1	2	57	58	4
57	1	2	58	59	4
58	1	2	59	60	4
59	1	2	60	61	4
60	1	2	61	62	4
61	1	2	62	63	4
62	1	2	63	64	4
63	1	2	64	65	4
64	1	2	65	66	4
65	1	2	66	67	4
66	1	2	67	68	4
67	1	2	68	69	4
68	1	2	69	70	4
69	1	2	70	71	4
70	1	2	71	72	4
71	1	2	72	73	4
72	1	1	73	74	5
73	1	1	74	75	5
74	1	1	75	76	5
75	1	1	76	77	5
76	1	1	77	78	5
77	1	1	78	79	5
78	1	1	79	80	5
79	1	1	80	81	5
80	1	1	81	48	5
% Condições de contorno dos nós
% Nó	Incremento	Desl. X		Desl. Y		Desl. Z		Rot. X		Rot. Y		Rot. Z	
1       0           	1   		1   		1   		0   		0  		0
49      0           	1   		1   		1   		0   		0  		0
% Constante de mola nos nós
% Nó    	Trans.Y     Tipo Dist.  Par.Estatístico 1   Par.Estatístico 2

% Cargas aplicadas à cada grau de liberdade
% Dir	Carga	Tipo Dist	Par. Estatístico 1	Par. Estatístico 2
95      2500    1	        0.0     		0.0
263     -2500  	1           0.0            	0.0
% Cargas distribuídas
% Elemento	qx	qy      TipoDist	Par. Estatístico 1	Par. Estatístico 2
1         	0  	 00     1           0.00                 0		
% Cargas concentradas nas barras
% Elementos	fx  Dist. x nó inicial	fy	Dist. y nó inicial	TipoDist	Par. Estatístico 1	Par. Estatístico 2
1   		0   0                    0	 0                  1           0.0                 0.0
% Variação uniforme de temperatura nos elementos
% Elementos	Tmax    Tmin  	TipoDist	Par. Estatístico 1	Par. Estatístico 2
33	20	-20	1	0	0
34	20	-20	1	0	0
35	20	-20	1	0	0
36	20	-20	1	0	0
37	20	-20	1	0	0
38	20	-20	1	0	0
39	20	-20	1	0	0
40	20	-20	1	0	0
41	20	-20	1	0	0
42	20	-20	1	0	0
43	20	-20	1	0	0
44	20	-20	1	0	0
45	20	-20	1	0	0
46	20	-20	1	0	0
47	20	-20	1	0	0
48	20	-20	1	0	0
49	20	-20	1	0	0
50	20	-20	1	0	0
51	20	-20	1	0	0
52	20	-20	1	0	0
53	20	-20	1	0	0
54	20	-20	1	0	0
55	20	-20	1	0	0
56	20	-20	1	0	0
57	20	-20	1	0	0
58	20	-20	1	0	0
59	20	-20	1	0	0
60	20	-20	1	0	0
61	20	-20	1	0	0
62	20	-20	1	0	0
63	20	-20	1	0	0
64	20	-20	1	0	0
65	20	-20	1	0	0
66	20	-20	1	0	0
67	20	-20	1	0	0
68	20	-20	1	0	0
69	20	-20	1	0	0
70	20	-20	1	0	0
71	20	-20	1	0	0
72	20	-20	1	0	0
73	20	-20	1	0	0
74	20	-20	1	0	0
75	20	-20	1	0	0
76	20	-20	1	0	0
77	20	-20	1	0	0
78	20	-20	1	0	0
79	20	-20	1	0	0
80	20	-20	1	0	0
81	20	-20	1	0	0
82	20	-20	1	0	0
83	20	-20	1	0	0
84	20	-20	1	0	0
85	20	-20	1	0	0
86	20	-20	1	0	0
87	20	-20	1	0	0
88	20	-20	1	0	0
89	20	-20	1	0	0
% Seção transversal e propriedades físicas/geométricas dos elementos de concreto armado
%Elemento  	Área        Inércia  	Perímetro   DesvPdArea  	DesvPadInercia  DesvPadPerimetro   
25	0.63	6.431E-03	4.30	0	0	0
26	0.63	6.431E-03	4.30	0	0	0
27	0.63	6.431E-03	4.30	0	0	0
28	0.63	6.431E-03	4.30	0	0	0
29	0.63	6.431E-03	4.30	0	0	0
30	0.63	6.431E-03	4.30	0	0	0
31	0.63	6.431E-03	4.30	0	0	0
32	0.63	6.431E-03	4.30	0	0	0
33	0.7679	0.159		8.54	0	0	0
34	0.7679	0.159		8.54	0	0	0
35	0.7679	0.159		8.54	0	0	0
36	0.7679	0.159		8.54	0	0	0
37	0.7679	0.159		8.54	0	0	0
38	0.7679	0.159		8.54	0	0	0
39	0.7679	0.159		8.54	0	0	0
40	0.7679	0.159		8.54	0	0	0
41	0.7679	0.159		8.54	0	0	0
42	0.7679	0.159		8.54	0	0	0
43	0.7679	0.159		8.54	0	0	0
44	0.7679	0.159		8.54	0	0	0
45	0.7679	0.159		8.54	0	0	0
46	0.7679	0.159		8.54	0	0	0
47	0.7679	0.159		8.54	0	0	0
48	0.7679	0.159		8.54	0	0	0
49	0.7679	0.159		8.54	0	0	0
50	0.7679	0.159		8.54	0	0	0
51	0.7679	0.159		8.54	0	0	0
52	0.7679	0.159		8.54	0	0	0
53	0.7679	0.159		8.54	0	0	0
54	0.7679	0.159		8.54	0	0	0
55	0.7679	0.159		8.54	0	0	0
56	0.7679	0.159		8.54	0	0	0
57	0.7679	0.159		8.54	0	0	0
58	0.7679	0.159		8.54	0	0	0
59	0.7679	0.159		8.54	0	0	0
60	0.7679	0.159		8.54	0	0	0
61	0.7679	0.159		8.54	0	0	0
62	0.7679	0.159		8.54	0	0	0
63	0.7679	0.159		8.54	0	0	0
64	0.7679	0.159		8.54	0	0	0
65	0.7679	0.159		8.54	0	0	0
66	0.7679	0.159		8.54	0	0	0
67	0.7679	0.159		8.54	0	0	0
68	0.7679	0.159		8.54	0	0	0
69	0.7679	0.159		8.54	0	0	0
70	0.7679	0.159		8.54	0	0	0
71	0.7679	0.159		8.54	0	0	0
72	0.7679	0.159		8.54	0	0	0
73	0.7679	0.159		8.54	0	0	0
74	0.7679	0.159		8.54	0	0	0
75	0.7679	0.159		8.54	0	0	0
76	0.7679	0.159		8.54	0	0	0
77	0.7679	0.159		8.54	0	0	0
78	0.7679	0.159		8.54	0	0	0
79	0.7679	0.159		8.54	0	0	0
80	0.7679	0.159		8.54	0	0	0
81	0.7679	0.159		8.54	0	0	0
82	0.7679	0.159		8.54	0	0	0
83	0.7679	0.159		8.54	0	0	0
84	0.7679	0.159		8.54	0	0	0
85	0.7679	0.159		8.54	0	0	0
86	0.7679	0.159		8.54	0	0	0
87	0.7679	0.159		8.54	0	0	0
88	0.7679	0.159		8.54	0	0	0
89	0.7679	0.159		8.54	0	0	0
114	0.63	6.431E-03	4.30	0	0	0
115	0.63	6.431E-03	4.30	0	0	0
116	0.63	6.431E-03	4.30	0	0	0
117	0.63	6.431E-03	4.30	0	0	0
118	0.63	6.431E-03	4.30	0	0	0
119	0.63	6.431E-03	4.30	0	0	0
120	0.63	6.431E-03	4.30	0	0	0
121	0.63	6.431E-03	4.30	0	0	0
122	2.545	0.515		5.655	0	0	0
123	2.545	0.515		5.655	0	0	0
124	2.545	0.515		5.655	0	0	0
125	2.545	0.515		5.655	0	0	0
126	2.545	0.515		5.655	0	0	0
127	2.545	0.515		5.655	0	0	0
128	2.545	0.515		5.655	0	0	0
129	2.545	0.515		5.655	0	0	0
% Elementos constituídos por perfis metálicos
% Elemento  	Área         	Inércia     	DesvPadDiam     DesvPadEsp
1	4.70E-03	7.067E-06	0	0
2	4.70E-03	7.067E-06	0	0
3	4.70E-03	7.067E-06	0	0
4	4.70E-03	7.067E-06	0	0
5	4.70E-03	7.067E-06	0	0
6	4.70E-03	7.067E-06	0	0
7	4.70E-03	7.067E-06	0	0
8	4.70E-03	7.067E-06	0	0
9	4.70E-03	7.067E-06	0	0
10	4.70E-03	7.067E-06	0	0
11	4.70E-03	7.067E-06	0	0
12	4.70E-03	7.067E-06	0	0
13	4.70E-03	7.067E-06	0	0
14	4.70E-03	7.067E-06	0	0
15	4.70E-03	7.067E-06	0	0
16	4.70E-03	7.067E-06	0	0
17	4.70E-03	7.067E-06	0	0
18	4.70E-03	7.067E-06	0	0
19	4.70E-03	7.067E-06	0	0
20	4.70E-03	7.067E-06	0	0
21	4.70E-03	7.067E-06	0	0
22	4.70E-03	7.067E-06	0	0
23	4.70E-03	7.067E-06	0	0
24	4.70E-03	7.067E-06	0	0
90	4.70E-03	7.067E-06	0	0
91	4.70E-03	7.067E-06	0	0
92	4.70E-03	7.067E-06	0	0
93	4.70E-03	7.067E-06	0	0
94	4.70E-03	7.067E-06	0	0
95	4.70E-03	7.067E-06	0	0
96	4.70E-03	7.067E-06	0	0
97	4.70E-03	7.067E-06	0	0
98	4.70E-03	7.067E-06	0	0
99	4.70E-03	7.067E-06	0	0
100	4.70E-03	7.067E-06	0	0
101	4.70E-03	7.067E-06	0	0
102	4.70E-03	7.067E-06	0	0
103	4.70E-03	7.067E-06	0	0
104	4.70E-03	7.067E-06	0	0
105	4.70E-03	7.067E-06	0	0
106	4.70E-03	7.067E-06	0	0
107	4.70E-03	7.067E-06	0	0
108	4.70E-03	7.067E-06	0	0
109	4.70E-03	7.067E-06	0	0
110	4.70E-03	7.067E-06	0	0
111	4.70E-03	7.067E-06	0	0
112	4.70E-03	7.067E-06	0	0
113	4.70E-03	7.067E-06	0	0